L=0.2;
M=2;
m=0.001;
g=9.8;